60 528
0 30
0 34
0 35
0 36
0 37
0 38
0 39
0 40
0 43
0 44
0 46
0 47
0 48
0 52
0 53
0 54
0 55
0 57
0 58
0 59
1 30
1 31
1 32
1 33
1 35
1 37
1 40
1 41
1 42
1 45
1 46
1 47
1 49
1 53
1 56
1 57
2 33
2 35
2 37
2 38
2 40
2 43
2 44
2 45
2 46
2 49
2 50
2 51
2 54
2 55
2 56
2 57
2 59
3 30
3 31
3 33
3 34
3 35
3 38
3 41
3 43
3 44
3 45
3 46
3 47
3 48
3 49
3 50
3 52
3 53
3 56
3 57
3 58
4 31
4 32
4 35
4 36
4 37
4 38
4 41
4 42
4 45
4 46
4 47
4 48
4 52
4 56
4 57
5 30
5 31
5 34
5 35
5 37
5 38
5 40
5 41
5 43
5 47
5 48
5 49
5 51
5 52
5 53
5 57
5 59
6 30
6 31
6 32
6 38
6 40
6 42
6 44
6 45
6 46
6 47
6 50
6 53
7 31
7 34
7 35
7 36
7 40
7 43
7 47
7 50
7 51
7 54
7 56
7 57
7 59
8 30
8 32
8 34
8 35
8 36
8 37
8 38
8 39
8 41
8 43
8 46
8 47
8 48
8 52
8 57
8 58
9 30
9 34
9 35
9 39
9 40
9 43
9 44
9 45
9 47
9 49
9 50
9 52
9 54
9 55
9 58
10 30
10 31
10 34
10 36
10 37
10 38
10 39
10 41
10 42
10 44
10 46
10 47
10 48
10 50
10 51
10 53
10 55
10 56
10 57
10 58
11 31
11 32
11 35
11 36
11 38
11 40
11 42
11 43
11 44
11 45
11 46
11 51
11 54
11 55
11 56
11 57
11 59
12 30
12 32
12 33
12 36
12 38
12 39
12 40
12 41
12 43
12 44
12 45
12 47
12 49
12 50
12 51
12 52
12 53
12 54
12 55
12 56
12 57
12 58
12 59
13 31
13 32
13 34
13 36
13 37
13 38
13 39
13 43
13 44
13 45
13 46
13 47
13 48
13 49
13 50
13 53
13 55
13 58
13 59
14 30
14 31
14 34
14 35
14 36
14 38
14 40
14 43
14 45
14 47
14 48
14 49
14 50
14 52
14 53
14 54
14 55
14 56
14 57
15 30
15 31
15 32
15 34
15 35
15 40
15 41
15 43
15 44
15 45
15 46
15 48
15 50
15 51
15 52
15 53
15 54
15 55
15 56
15 57
15 59
16 30
16 31
16 33
16 34
16 35
16 36
16 37
16 39
16 44
16 46
16 47
16 51
16 53
16 57
16 58
16 59
17 30
17 31
17 32
17 33
17 35
17 36
17 38
17 39
17 41
17 42
17 46
17 48
17 50
17 51
17 52
17 53
17 55
17 58
17 59
18 30
18 33
18 36
18 38
18 40
18 42
18 46
18 47
18 48
18 49
18 50
18 51
18 55
18 57
18 59
19 31
19 32
19 35
19 36
19 38
19 40
19 41
19 43
19 46
19 47
19 49
19 52
19 53
19 55
19 56
19 57
20 34
20 35
20 37
20 38
20 41
20 42
20 43
20 44
20 45
20 46
20 48
20 50
20 51
20 52
20 53
20 55
20 57
20 58
21 30
21 31
21 36
21 38
21 41
21 46
21 47
21 48
21 50
21 51
21 53
21 55
21 58
21 59
22 31
22 34
22 35
22 36
22 38
22 42
22 45
22 47
22 48
22 49
22 50
22 51
22 52
22 53
22 54
22 55
22 56
23 30
23 31
23 32
23 34
23 35
23 39
23 41
23 42
23 43
23 44
23 45
23 46
23 47
23 50
23 51
23 52
23 53
23 54
23 55
23 56
23 59
24 31
24 32
24 38
24 39
24 41
24 44
24 45
24 46
24 47
24 48
24 50
24 51
24 53
24 55
24 56
24 58
25 32
25 33
25 34
25 35
25 36
25 37
25 38
25 40
25 41
25 42
25 44
25 45
25 46
25 47
25 48
25 49
25 50
25 52
25 53
25 54
25 56
25 58
25 59
26 30
26 31
26 32
26 34
26 35
26 38
26 39
26 42
26 43
26 44
26 45
26 46
26 47
26 48
26 49
26 50
26 51
26 54
26 57
26 58
26 59
27 30
27 36
27 37
27 39
27 40
27 42
27 44
27 46
27 47
27 49
27 50
27 51
27 52
27 53
27 54
27 55
28 30
28 32
28 35
28 38
28 40
28 41
28 42
28 43
28 46
28 47
28 49
28 50
28 51
28 52
28 54
28 55
28 56
28 57
28 58
28 59
29 33
29 34
29 36
29 38
29 39
29 40
29 43
29 44
29 47
29 51
29 53
29 54
29 55
29 56
29 58
29 59
