60 92
1 30
1 32
1 44
1 46
1 47
2 34
2 37
2 57
3 32
3 45
3 58
4 34
5 36
5 41
5 42
5 47
5 50
6 30
6 36
6 45
6 47
6 56
6 57
7 51
8 35
8 42
8 43
8 47
8 50
8 56
9 32
9 36
9 38
10 52
10 53
10 56
11 35
11 40
11 42
11 59
12 55
12 56
13 36
14 35
14 44
14 47
14 54
14 59
15 31
15 44
15 52
16 41
16 46
16 57
16 58
17 44
17 51
17 52
17 53
17 55
17 56
18 37
18 49
18 58
19 42
19 44
19 49
20 32
20 37
20 53
21 42
21 45
21 46
21 47
22 33
22 40
23 48
24 31
24 38
24 53
25 53
25 57
26 34
26 49
27 31
27 32
27 33
27 40
27 52
28 30
28 54
29 36
