100 261
0 58
0 68
0 74
0 76
0 93
0 95
0 99
1 56
1 64
1 69
1 79
1 80
1 99
2 62
2 77
2 84
2 96
2 99
3 65
3 66
3 77
3 95
4 79
4 95
5 50
5 57
5 62
5 63
5 64
5 70
5 71
5 95
6 51
6 54
6 59
6 64
6 79
6 92
6 96
7 62
7 66
7 70
7 75
7 82
8 51
8 58
8 68
8 80
8 83
9 56
9 67
9 73
9 77
9 78
9 84
10 51
10 62
10 78
10 84
10 86
10 96
10 99
11 53
11 56
11 72
11 86
11 97
11 98
12 53
12 65
12 70
12 82
12 96
13 62
13 69
13 88
13 94
13 98
14 55
14 58
14 66
14 83
14 91
14 95
14 97
15 56
15 67
15 84
15 88
16 58
16 67
16 68
16 72
16 77
16 80
16 91
17 57
17 71
17 74
17 77
18 52
18 58
18 62
18 74
18 87
19 56
19 66
19 88
19 89
19 92
20 53
20 54
20 63
21 51
21 71
21 74
21 76
21 85
22 59
22 63
22 81
22 85
22 90
22 94
22 98
23 60
23 61
23 66
23 72
23 80
23 95
24 97
25 70
26 51
26 53
26 58
26 81
26 93
27 84
27 89
27 95
27 97
27 98
28 59
28 60
28 69
28 83
28 84
28 85
28 90
28 94
29 61
29 63
29 64
29 67
29 71
29 78
29 84
30 50
30 58
30 61
30 64
30 81
30 86
30 93
30 94
30 96
31 60
31 79
31 80
31 98
32 56
32 63
32 74
32 89
33 56
33 68
33 82
33 87
33 89
34 60
34 83
34 86
34 88
35 53
35 58
35 61
35 91
35 93
36 60
36 71
36 88
36 93
36 96
36 98
37 54
37 70
37 83
37 94
38 59
38 63
38 76
38 89
38 91
38 94
39 54
39 57
39 81
39 91
39 93
40 53
40 70
40 92
40 95
41 52
41 69
41 87
41 91
41 95
42 61
42 65
42 67
42 91
43 53
43 64
43 77
43 79
43 86
43 88
43 90
43 97
44 55
44 64
44 70
44 87
44 88
44 97
45 71
45 73
45 86
45 97
46 57
46 64
46 74
46 87
47 59
47 71
47 86
47 88
47 89
47 98
48 63
48 68
48 86
49 52
49 56
49 73
49 90
49 91
49 96
49 99
